-0.525 0.294
-0.158 1.468
0.481 0.358
2.297 0.954
-0.797 2.499
0.647 0.396
-0.754 0.199
-0.159 0.557
0.083 0.731
0.273 -0.995
-1.484 -1.553
-0.584 0.12
-0.232 0.93
0.631 -1.563
-0.417 0.081
2.407 0.335
-1.416 -0.744
0.272 0.426
-0.215 -0.522
-0.707 -0.188
-1.162 0.288
0.469 -0.487
-0.593 0.246
0.34 -1.233
0.428 3.194
-0.125 0.338
1.358 -0.574
-0.846 0.978
0.917 0.518
0.12 -1.416
0.022 -0.538
-0.755 -0.443
0.808 -0.174
-0.081 0.232
0.322 1.003
1.303 -0.384
1.569 1.25
1.116 -0.22
0.775 2.097
-0.598 -2.144
0.053 -0.252
-1.971 -0.684
-0.268 -1.155
0.866 0.486
2.183 -0.126
0.621 0.264
0.342 0.413
1.883 -0.219
-0.679 -2.38
0.993 1.494
