-1.409 1
0.877 1
-0.766 1
2.044 1
-0.443 1
3.06 1
-0.246 1
0.935 1
0.17 1
2.012 1
0.782 1
-0.21 1
-1.59 1
-3.001 1
2.949 1
0.094 1
-0.64 1
-1.568 1
1.615 1
2.802 1
-0.93 1
1.769 1
3.04 1
-2.82 1
0.529 1
0.337 1
-0.246 1
-1.138 1
-0.434 1
-0.405 1
1.18 1
1.556 1
-0.398 1
-0.639 1
1.209 1
-1.139 1
-0.48 1
0.104 1
-0.139 1
0.5 1
-2.621 1
0.76 1
-2.192 1
0.988 1
0.101 1
-0.002 1
-2.198 1
2.007 1
0.512 1
1.564 1
-6.181 2
-1.732 2
-5.309 2
-1.706 2
3.185 2
1.349 2
-0.466 2
3.873 2
-4.229 2
-0.998 2
-0.338 2
-1.285 2
-5.523 2
2.451 2
-4.274 2
1.201 2
4.983 2
2.626 2
0.541 2
-2.676 2
-2.934 2
-0.424 2
-2.95 2
2.036 2
-1.502 2
-3.432 2
4.607 2
-6.177 2
2.143 2
-6.822 2
1.775 2
10.048 2
-1.642 2
-0.326 2
-4.104 2
-3.473 2
5.55 2
-8.627 2
-2.798 2
-2.704 2
-1.541 2
0.886 2
-2.273 2
3.969 2
5.836 2
-9.084 2
-4.824 2
7.429 2
-3.997 2
0.735 2
